0 100 19 12 19 11 2511 223 2818 12 10 12589 14 22 177 281 
100 0 12 12 25 28 223 1412 199 11 12 281 14 11 2818 15848 
19 12 0 223 251 15848 17 10 14 199 112 10 1995 1412 12 10 
12 12 223 0 19952 112 17 17 15 2238 1995 17 199 281 14 22 
19 25 251 19952 0 158 17 12 17 1584 2238 15 158 141 10 22 
11 28 15848 112 158 0 25 19 25 251 158 14 1122 1584 28 12 
2511 223 17 17 17 25 0 100 19952 25 28 1258 19 19 158 281 
223 1412 10 17 12 19 100 0 177 10 15 251 22 11 22387 1258 
2818 199 14 15 17 25 19952 177 0 22 12 1258 19 11 100 199 
12 11 199 2238 1584 251 25 10 22 0 11220 17 281 158 28 10 
10 12 112 1995 2238 158 28 15 12 11220 0 28 112 223 22 11 
12589 281 10 17 15 14 1258 251 1258 17 28 0 11 17 281 223 
14 14 1995 199 158 1122 19 22 19 281 112 11 0 22387 19 22 
22 11 1412 281 141 1584 19 11 11 158 223 17 22387 0 14 19 
177 2818 12 14 10 28 158 22387 100 28 22 281 19 14 0 1778 
281 15848 10 22 22 12 281 1258 199 10 11 223 22 19 1778 0 
