0 12 12 11 12 15 
12 0 12 12 12 13 
12 12 0 9 12 13 
11 12 9 0 12 13 
12 12 12 12 0 13 
15 13 13 13 13 0 
