./map_MPIPP -t ../../../examples/topologies/128.tgt -c ../../../examples/com_patterns/128.mat
MPIPP-1-D:144.404416
MPIPP-1: 94,65,121,34,13,28,125,1,111,58,68,119,38,45,86,27,2,117,55,63,91,110,78,71,44,73,75,48,88,31,18,96,116,89,99,106,127,87,95,69,49,22,36,72,54,3,85,70,67,126,123,39,23,105,59,35,20,61,109,16,33,7,6,77,8,62,24,112,43,118,122,52,4,5,53,124,10,19,84,29,97,0,120,98,9,64,17,107,56,83,14,101,74,40,21,82,51,79,41,50,11,12,102,47,93,81,90,46,108,37,113,80,100,92,30,60,42,76,26,115,25,103,15,32,114,66,104,57,
MPIPP-5-D:789.347084
MPIPP-5: 120,41,89,116,98,85,83,64,24,18,105,53,109,15,10,56,115,91,20,44,31,4,7,39,3,11,93,58,121,68,16,123,90,112,70,117,92,59,126,38,42,36,88,82,95,29,67,73,74,62,111,25,1,54,80,50,114,87,22,9,49,107,69,28,100,0,57,94,37,81,96,17,66,118,30,51,122,106,40,86,110,101,84,14,27,72,65,104,5,19,119,2,46,103,108,55,60,43,61,34,52,76,47,63,127,71,97,32,6,26,77,45,48,124,12,21,8,13,102,125,23,113,78,75,99,33,79,35,