./map_MPIPP -f ./TimeCostDataFile_128-7-20.txt -T 128 -N 7 -C 20 -c ../../../examples/com_patterns/128.mat
MPIPP-1-D:24.276557
MPIPP-1: 68,32,101,15,86,28,30,85,106,57,122,48,94,67,126,37,52,71,120,110,91,61,108,92,65,73,118,114,60,17,13,96,125,69,99,29,121,93,80,98,33,18,11,75,25,115,58,8,82,12,102,79,64,44,116,59,41,117,19,23,45,56,22,53,6,0,24,66,100,113,51,1,4,97,72,81,74,70,119,9,103,109,50,10,31,107,112,89,124,88,90,123,47,78,84,2,49,63,95,55,62,36,127,46,20,42,43,21,34,27,3,7,5,38,39,14,83,77,26,76,54,35,105,16,87,40,104,111,
MPIPP-5-D:124.318645
MPIPP-5: 68,32,101,15,86,28,30,85,106,57,122,48,94,67,126,37,52,71,120,110,91,61,108,92,65,73,118,114,60,17,13,96,125,69,99,29,121,93,80,98,33,18,11,75,25,115,58,8,82,12,102,79,64,44,116,59,41,117,19,23,45,56,22,53,6,0,24,66,100,113,51,1,4,97,72,81,74,70,119,9,103,109,50,10,31,107,112,89,124,88,90,123,47,78,84,2,49,63,95,55,62,36,127,46,20,42,43,21,34,27,3,7,5,38,39,14,83,77,26,76,54,35,105,16,87,40,104,111,
