0 28 112 12 22 100 28 1412 
28 0 19 100 199 12 1995 11 
112 19 0 25 22 2818 12 100 
12 100 25 0 1258 14 223 17 
22 199 22 1258 0 28 125 12 
100 12 2818 14 28 0 25 281 
28 1995 12 223 125 25 0 22 
1412 11 100 17 12 281 22 0 
